%YAML:1.0
cameraMatrix: !!opencv-matrix
   rows: 3
   cols: 3
   dt: d
   data: [ 4.6151213570144074e+02, 0., 3.4233475749046522e+02, 0.,
       4.6110748850717630e+02, 2.2998451126289115e+02, 0., 0., 1. ]
imageSize_width: 640
imageSize_height: 480
sensorSize_width: 0
sensorSize_height: 0
distCoeffs: !!opencv-matrix
   rows: 5
   cols: 1
   dt: d
   data: [ -5.9631166227624621e-01, 3.9763165277116896e-01,
       1.3222171889204696e-02, 8.3851729445696827e-03,
       1.2203040240867509e-01 ]
reprojectionError: 2.2725239396095276e-01
features:
   - [ 4.74672394e+02, 1.58408386e+02, 4.75412689e+02, 1.84449982e+02,
       4.75978638e+02, 2.10621902e+02, 4.76083282e+02, 2.37160248e+02,
       4.75844727e+02, 2.63279083e+02, 4.75309509e+02, 2.89199646e+02,
       4.74322357e+02, 3.14432892e+02, 4.50165680e+02, 1.57372620e+02,
       4.50820282e+02, 1.83704651e+02, 4.51287598e+02, 2.10656723e+02,
       4.51386414e+02, 2.37347076e+02, 4.51325897e+02, 2.64156830e+02,
       4.50776672e+02, 2.90309235e+02, 4.50229340e+02, 3.16096069e+02,
       4.24393890e+02, 1.56456863e+02, 4.24865662e+02, 1.83506622e+02,
       4.25426056e+02, 2.10462097e+02, 4.25456177e+02, 2.37804489e+02,
       4.25444824e+02, 2.64595886e+02, 4.25428986e+02, 2.91496277e+02,
       4.24836182e+02, 3.17378510e+02, 3.97455658e+02, 1.56247864e+02,
       3.98187408e+02, 1.83250366e+02, 3.98386444e+02, 2.10785767e+02,
       3.98644531e+02, 2.38091675e+02, 3.98836792e+02, 2.65402222e+02,
       3.98674927e+02, 2.92164612e+02, 3.98708923e+02, 3.18425262e+02,
       3.70295624e+02, 1.56146545e+02, 3.70513153e+02, 1.83432755e+02,
       3.70999207e+02, 2.11002914e+02, 3.71337097e+02, 2.38479172e+02,
       3.71515839e+02, 2.65793854e+02, 3.71929382e+02, 2.92790649e+02,
       3.71817200e+02, 3.19107880e+02, 3.42371063e+02, 1.56368362e+02,
       3.42984222e+02, 1.83727982e+02, 3.43235718e+02, 2.11288193e+02,
       3.43656616e+02, 2.38805267e+02, 3.44210022e+02, 2.66157959e+02,
       3.44385071e+02, 2.93252838e+02, 3.45054718e+02, 3.19500763e+02,
       3.14903595e+02, 1.56993835e+02, 3.15173553e+02, 1.84200409e+02,
       3.15657013e+02, 2.11798462e+02, 3.16170258e+02, 2.39137558e+02,
       3.16578979e+02, 2.66528168e+02, 3.17463135e+02, 2.93351807e+02,
       3.18044128e+02, 3.19539856e+02, 2.87673492e+02, 1.57889755e+02,
       2.88051361e+02, 1.85117966e+02, 2.88385620e+02, 2.12281174e+02,
       2.89151245e+02, 2.39655060e+02, 2.89823853e+02, 2.66537598e+02,
       2.90574707e+02, 2.93401917e+02, 2.91788635e+02, 3.19203705e+02,
       2.61444061e+02, 1.59259918e+02, 2.61435028e+02, 1.85858017e+02,
       2.61869781e+02, 2.13048813e+02, 2.62624390e+02, 2.39886993e+02,
       2.63582458e+02, 2.66765625e+02, 2.64706268e+02, 2.93008423e+02,
       2.66110809e+02, 3.18612549e+02, 2.35940643e+02, 1.60675034e+02,
       2.36012726e+02, 1.87152313e+02, 2.36391159e+02, 2.13616196e+02,
       2.37218277e+02, 2.40396088e+02, 2.38343323e+02, 2.66640503e+02,
       2.39486633e+02, 2.92474182e+02, 2.41544495e+02, 3.17587311e+02 ]
   - [ 4.70323273e+02, 1.76211578e+02, 4.70386047e+02, 2.01938751e+02,
       4.70307953e+02, 2.27706558e+02, 4.69799072e+02, 2.53767990e+02,
       4.69019928e+02, 2.79246460e+02, 4.67923492e+02, 3.04514557e+02,
       4.66483704e+02, 3.28992828e+02, 4.45956085e+02, 1.75128296e+02,
       4.46073517e+02, 2.01067276e+02, 4.45855225e+02, 2.27615875e+02,
       4.45429688e+02, 2.53665268e+02, 4.44763672e+02, 2.79899933e+02,
       4.43660950e+02, 3.05370819e+02, 4.42642822e+02, 3.30361755e+02,
       4.20637421e+02, 1.73879013e+02, 4.20478180e+02, 2.00612991e+02,
       4.20359772e+02, 2.27146805e+02, 4.19835510e+02, 2.53880386e+02,
       4.19266724e+02, 2.80096466e+02, 4.18703125e+02, 3.06115051e+02,
       4.17721863e+02, 3.31286835e+02, 3.93983215e+02, 1.73359283e+02,
       3.94133270e+02, 1.99989944e+02, 3.93774872e+02, 2.27104309e+02,
       3.93438629e+02, 2.53694931e+02, 3.93212799e+02, 2.80331146e+02,
       3.92514832e+02, 3.06365601e+02, 3.92105255e+02, 3.31749969e+02,
       3.67362854e+02, 1.72901245e+02, 3.67018311e+02, 1.99724869e+02,
       3.66880768e+02, 2.26773132e+02, 3.66703949e+02, 2.53643021e+02,
       3.66385284e+02, 2.80257263e+02, 3.66359375e+02, 3.06486481e+02,
       3.65791656e+02, 3.31936493e+02, 3.39877716e+02, 1.72644058e+02,
       3.40008972e+02, 1.99639694e+02, 3.39753937e+02, 2.26536636e+02,
       3.39640594e+02, 2.53472260e+02, 3.39701019e+02, 2.80078949e+02,
       3.39440155e+02, 3.06372894e+02, 3.39630096e+02, 3.31804504e+02,
       3.13053864e+02, 1.72779373e+02, 3.12738556e+02, 1.99488953e+02,
       3.12740112e+02, 2.26553604e+02, 3.12835052e+02, 2.53228394e+02,
       3.12790100e+02, 2.79803436e+02, 3.13196045e+02, 3.05874756e+02,
       3.13317993e+02, 3.31300476e+02, 2.86412079e+02, 1.73060181e+02,
       2.86401459e+02, 1.99742905e+02, 2.86196198e+02, 2.26359680e+02,
       2.86470551e+02, 2.53193359e+02, 2.86730438e+02, 2.79323181e+02,
       2.87038025e+02, 3.05320404e+02, 2.87752472e+02, 3.30370483e+02,
       2.60733032e+02, 1.73740997e+02, 2.60400360e+02, 1.99856308e+02,
       2.60396271e+02, 2.26502808e+02, 2.60688507e+02, 2.52674881e+02,
       2.61251648e+02, 2.78797516e+02, 2.61828094e+02, 3.04305542e+02,
       2.62799988e+02, 3.29178009e+02, 2.35823029e+02, 1.74477249e+02,
       2.35515289e+02, 2.00378357e+02, 2.35524338e+02, 2.26392792e+02,
       2.35867203e+02, 2.52494019e+02, 2.36533981e+02, 2.78033844e+02,
       2.37380737e+02, 3.03203369e+02, 2.38982849e+02, 3.27503632e+02 ]
   - [ 4.67884888e+02, 1.75922546e+02, 4.68148926e+02, 2.01880539e+02,
       4.68172638e+02, 2.27741440e+02, 4.67771759e+02, 2.53897827e+02,
       4.67163025e+02, 2.79494232e+02, 4.66252899e+02, 3.04696564e+02,
       4.64814667e+02, 3.29287567e+02, 4.43353790e+02, 1.75140121e+02,
       4.43543274e+02, 2.01210495e+02, 4.43513123e+02, 2.27848129e+02,
       4.43226562e+02, 2.54051147e+02, 4.42720337e+02, 2.80286957e+02,
       4.41845947e+02, 3.05676666e+02, 4.40947662e+02, 3.30699677e+02,
       4.17755859e+02, 1.74171539e+02, 4.17764618e+02, 2.00996475e+02,
       4.17776672e+02, 2.27530609e+02, 4.17532562e+02, 2.54445648e+02,
       4.17117981e+02, 2.80592743e+02, 4.16696747e+02, 3.06603638e+02,
       4.15886322e+02, 3.31721405e+02, 3.91019928e+02, 1.73846909e+02,
       3.91291870e+02, 2.00575775e+02, 3.91216370e+02, 2.27689423e+02,
       3.90971405e+02, 2.54457855e+02, 3.90947388e+02, 2.81047028e+02,
       3.90469879e+02, 3.07076385e+02, 3.90211548e+02, 3.32426514e+02,
       3.64229095e+02, 1.73617752e+02, 3.64152893e+02, 2.00577408e+02,
       3.64219635e+02, 2.27681061e+02, 3.64235840e+02, 2.54555527e+02,
       3.64119812e+02, 2.81166595e+02, 3.64274048e+02, 3.07391602e+02,
       3.63902222e+02, 3.32716827e+02, 3.36731079e+02, 1.73626984e+02,
       3.37007629e+02, 2.00685287e+02, 3.37034973e+02, 2.27613342e+02,
       3.37173035e+02, 2.54572449e+02, 3.37430359e+02, 2.81150146e+02,
       3.37416290e+02, 3.07431274e+02, 3.37768555e+02, 3.32695709e+02,
       3.09793091e+02, 1.74022537e+02, 3.09745758e+02, 2.00734680e+02,
       3.09987610e+02, 2.27886765e+02, 3.10387848e+02, 2.54445602e+02,
       3.10563538e+02, 2.81062866e+02, 3.11152466e+02, 3.07074615e+02,
       3.11498291e+02, 3.32325500e+02, 2.83247864e+02, 1.74488281e+02,
       2.83409088e+02, 2.01308151e+02, 2.83477051e+02, 2.27858871e+02,
       2.84008057e+02, 2.54619461e+02, 2.84577332e+02, 2.80659515e+02,
       2.85133820e+02, 3.06567505e+02, 2.86258636e+02, 3.31498840e+02,
       2.57570251e+02, 1.75423309e+02, 2.57463837e+02, 2.01569748e+02,
       2.57727692e+02, 2.28239456e+02, 2.58382111e+02, 2.54328323e+02,
       2.59200439e+02, 2.80354156e+02, 2.60156677e+02, 3.05674744e+02,
       2.61385620e+02, 3.30382233e+02, 2.32824265e+02, 1.76331757e+02,
       2.32785492e+02, 2.02311356e+02, 2.33056946e+02, 2.28293747e+02,
       2.33718292e+02, 2.54308319e+02, 2.34683502e+02, 2.79705688e+02,
