%YAML:1.0
cameraMatrix: !!opencv-matrix
   rows: 3
   cols: 3
   dt: d
   data: [ 2.6920031477053303e+03, 0., 5.4154618132532960e+02, 0.,
       2.6977800244950090e+03, 3.8848453226622490e+02, 0., 0., 1. ]
imageSize_width: 1024
imageSize_height: 768
sensorSize_width: 0
sensorSize_height: 0
distCoeffs: !!opencv-matrix
   rows: 5
   cols: 1
   dt: d
   data: [ -7.5509743225553168e+00, 6.1092658262528055e+01,
       -1.1077046199675467e-02, 4.5771417234312863e-02,
       -7.9860714738496156e+01 ]
reprojectionError: 7.6359128952026367e-01
features:
   - [ 1.92617508e+02, 5.69072510e+02, 1.85058472e+02, 5.08446625e+02,
       1.79880234e+02, 4.45298126e+02, 1.77176651e+02, 3.80760529e+02,
       1.77393295e+02, 3.16534607e+02, 1.80530823e+02, 2.53466446e+02,
       1.86626068e+02, 1.93690720e+02, 2.38741486e+02, 5.77851990e+02,
       2.31531219e+02, 5.14353027e+02, 2.26485794e+02, 4.47644684e+02,
       2.23637741e+02, 3.79600708e+02, 2.23995667e+02, 3.11653839e+02,
       2.27038803e+02, 2.45425995e+02, 2.32932495e+02, 1.82398865e+02,
       2.92730774e+02, 5.86022827e+02, 2.85839417e+02, 5.19583008e+02,
       2.80471039e+02, 4.49865204e+02, 2.77977325e+02, 3.78122833e+02,
       2.78105865e+02, 3.06689697e+02, 2.80928619e+02, 2.37226456e+02,
       2.85936432e+02, 1.71773117e+02, 3.54050079e+02, 5.92593384e+02,
       3.48014374e+02, 5.23951599e+02, 3.43140045e+02, 4.51308624e+02,
       3.40626068e+02, 3.76542816e+02, 3.40744690e+02, 3.01971375e+02,
       3.43074554e+02, 2.30051498e+02, 3.47323792e+02, 1.62292801e+02,
       4.21956299e+02, 5.97678467e+02, 4.16982361e+02, 5.27305969e+02,
       4.13204498e+02, 4.52322632e+02, 4.10893036e+02, 3.74894470e+02,
       4.10630554e+02, 2.97960602e+02, 4.11904205e+02, 2.23593536e+02,
       4.14879700e+02, 1.54518692e+02, 4.95370056e+02, 6.00662842e+02,
       4.91853790e+02, 5.29124878e+02, 4.89295959e+02, 4.52401703e+02,
       4.87453003e+02, 3.73407440e+02, 4.86442657e+02, 2.94756897e+02,
       4.86520325e+02, 2.19109375e+02, 4.87371460e+02, 1.49173752e+02,
       5.71240723e+02, 6.00248413e+02, 5.69952026e+02, 5.28246765e+02,
       5.68520752e+02, 4.51483551e+02, 5.67227966e+02, 3.72079529e+02,
       5.65718689e+02, 2.92992920e+02, 5.64261597e+02, 2.17022629e+02,
       5.62789612e+02, 1.46446915e+02, 6.46484924e+02, 5.97160095e+02,
       6.47214417e+02, 5.25800171e+02, 6.47485046e+02, 4.49447876e+02,
       6.46538757e+02, 3.70599854e+02, 6.44295471e+02, 2.92185944e+02,
       6.41461426e+02, 2.16781265e+02, 6.37639038e+02, 1.47104965e+02,
       7.18994446e+02, 5.91795166e+02, 7.22129272e+02, 5.21911804e+02,
       7.23479797e+02, 4.46937653e+02, 7.22897095e+02, 3.69485352e+02,
       7.20034607e+02, 2.92649963e+02, 7.15733582e+02, 2.18477646e+02,
       7.09807922e+02, 1.50180984e+02, 7.86167053e+02, 5.84481628e+02,
       7.91054626e+02, 5.16394592e+02, 7.93637695e+02, 4.43712738e+02,
       7.93499512e+02, 3.68547974e+02, 7.90287109e+02, 2.94091217e+02,
       7.84706360e+02, 2.22306824e+02, 7.77152527e+02, 1.55539276e+02 ]
   - [ 1.97349625e+02, 5.65674561e+02, 1.90215591e+02, 5.05092346e+02,
       1.85254166e+02, 4.41943207e+02, 1.82862137e+02, 3.77440521e+02,
       1.83440598e+02, 3.13255188e+02, 1.86784286e+02, 2.50301788e+02,
       1.92747559e+02, 1.90497528e+02, 2.43584854e+02, 5.74644409e+02,
       2.36879120e+02, 5.11155212e+02, 2.32250626e+02, 4.44480286e+02,
       2.29674850e+02, 3.76531616e+02, 2.30151855e+02, 3.08529541e+02,
       2.33466492e+02, 2.42521393e+02, 2.39426331e+02, 1.79514252e+02,
       2.97662292e+02, 5.82930054e+02, 2.91466217e+02, 5.16635681e+02,
       2.86378387e+02, 4.46977020e+02, 2.84287567e+02, 3.75280701e+02,
       2.84635345e+02, 3.03919403e+02, 2.87529358e+02, 2.34441376e+02,
       2.92780365e+02, 1.69006012e+02, 3.59355255e+02, 5.89808105e+02,
       3.53667114e+02, 5.21312439e+02, 3.49321075e+02, 4.48597839e+02,
       3.47037415e+02, 3.73892883e+02, 3.47405670e+02, 2.99440552e+02,
       3.50083832e+02, 2.27539764e+02, 3.54341217e+02, 1.59965622e+02,
       4.27424286e+02, 5.95161926e+02, 4.22729065e+02, 5.24868164e+02,
       4.19461426e+02, 4.49985016e+02, 4.17574615e+02, 3.72582489e+02,
       4.17592682e+02, 2.95812866e+02, 4.19032227e+02, 2.21519028e+02,
       4.21992157e+02, 1.52641754e+02, 5.00518372e+02, 5.98419006e+02,
       4.97586273e+02, 5.27028137e+02, 4.95645874e+02, 4.50592773e+02,
       4.94074402e+02, 3.71623566e+02, 4.93445465e+02, 2.93073639e+02,
       4.93694977e+02, 2.17426682e+02, 4.94676270e+02, 1.47417969e+02,
       5.76317627e+02, 5.98625671e+02, 5.75664551e+02, 5.26615234e+02,
       5.74828918e+02, 4.50024506e+02, 5.73887390e+02, 3.70411499e+02,
       5.72688354e+02, 2.91484467e+02, 5.71420532e+02, 2.15536163e+02,
       5.70025513e+02, 1.45343002e+02, 6.51465088e+02, 5.95820923e+02,
       6.52973145e+02, 5.24479370e+02, 6.53662537e+02, 4.48324188e+02,
       6.53075500e+02, 3.69501556e+02, 6.51111694e+02, 2.91122314e+02,
       6.48411011e+02, 2.15804489e+02, 6.44772766e+02, 1.46224731e+02,
       7.23894287e+02, 5.91059082e+02, 7.27571655e+02, 5.21138855e+02,
       7.29478394e+02, 4.46272308e+02, 7.29263367e+02, 3.68901733e+02,
       7.26584534e+02, 2.92080200e+02, 7.22591492e+02, 2.18119980e+02,
       7.16834656e+02, 1.49696716e+02, 7.90938538e+02, 5.83976990e+02,
       7.96296692e+02, 5.16123352e+02, 7.99314148e+02, 4.43497467e+02,
       7.99450684e+02, 3.68404541e+02, 7.96518921e+02, 2.93942688e+02,
       7.90984375e+02, 2.22319702e+02, 7.83693481e+02, 1.55493942e+02 ]
   - [ 1.83438538e+02, 5.65941956e+02, 1.75467148e+02, 5.04931427e+02,
       1.69662567e+02, 4.41187347e+02, 1.66611160e+02, 3.76102509e+02,
       1.66627487e+02, 3.11299866e+02, 1.69858994e+02, 2.47539841e+02,
       1.76236176e+02, 1.87122833e+02, 2.29237061e+02, 5.74672180e+02,
       2.21526871e+02, 5.10752930e+02, 2.15960358e+02, 4.43395691e+02,
       2.12820709e+02, 3.74502808e+02, 2.12898895e+02, 3.05618713e+02,
       2.15973129e+02, 2.38978317e+02, 2.21964401e+02, 1.75375168e+02,
       2.82816589e+02, 5.82896118e+02, 2.75502502e+02, 5.15723145e+02,
       2.69667542e+02, 4.45312042e+02, 2.66820923e+02, 3.72583038e+02,
       2.66744598e+02, 3.00368896e+02, 2.69607391e+02, 2.30043167e+02,
       2.74887085e+02, 1.63911514e+02, 3.44491028e+02, 5.89610657e+02,
       3.37771820e+02, 5.20125854e+02, 3.32391541e+02, 4.46575500e+02,
       3.29483063e+02, 3.70701630e+02, 3.29459106e+02, 2.95131592e+02,
       3.31909637e+02, 2.22197235e+02, 3.36369720e+02, 1.53692352e+02,
       4.12730774e+02, 5.94616211e+02, 4.07071716e+02, 5.23419128e+02,
       4.02733002e+02, 4.47411957e+02, 4.00217957e+02, 3.68651123e+02,
       3.99900146e+02, 2.90498566e+02, 4.01331451e+02, 2.15114685e+02,
       4.04420868e+02, 1.45374176e+02, 4.86536560e+02, 5.97733337e+02,
       4.82547668e+02, 5.25222778e+02, 4.79723358e+02, 4.47420349e+02,
       4.77631104e+02, 3.67045837e+02, 4.76666077e+02, 2.86914948e+02,
       4.76848938e+02, 2.10176468e+02, 4.77867340e+02, 1.39206375e+02,
       5.63594177e+02, 5.97550537e+02, 5.61929871e+02, 5.24373779e+02,
       5.60309448e+02, 4.46274414e+02, 5.58761230e+02, 3.65248108e+02,
       5.57191345e+02, 2.84869934e+02, 5.55727112e+02, 2.07450974e+02,
       5.54417603e+02, 1.36238037e+02, 6.40019897e+02, 5.94332214e+02,
       6.40569153e+02, 5.21777588e+02, 6.40643250e+02, 4.44130127e+02,
       6.39596985e+02, 3.63855927e+02, 6.37443237e+02, 2.83781677e+02,
       6.34485718e+02, 2.07200211e+02, 6.30590271e+02, 1.36511642e+02,
       7.14038086e+02, 5.88960205e+02, 7.17166931e+02, 5.17845093e+02,
       7.18351746e+02, 4.41528778e+02, 7.17733093e+02, 3.62531891e+02,
       7.14668396e+02, 2.84258728e+02, 7.10408875e+02, 2.09122742e+02,
       7.04265198e+02, 1.39647552e+02, 7.82482483e+02, 5.81421326e+02,
       7.87338318e+02, 5.12363464e+02, 7.89905212e+02, 4.38221252e+02,
       7.89728760e+02, 3.61635406e+02, 7.86341003e+02, 2.85894958e+02,
