%YAML:1.0
cameraMatrix: !!opencv-matrix
   rows: 3
   cols: 3
   dt: d
   data: [ 7.2638019360704527e+02, 0., 4.3303116008315237e+02, 0.,
       7.2601298210545713e+02, 2.9764514446701259e+02, 0., 0., 1. ]
imageSize_width: 800
imageSize_height: 600
sensorSize_width: 0
sensorSize_height: 0
distCoeffs: !!opencv-matrix
   rows: 5
   cols: 1
   dt: d
   data: [ -9.0749528222169162e-01, 8.7955584885249605e-01,
       2.0430490389917915e-03, 8.3504049548649810e-03,
       -2.2748973179329107e-01 ]
reprojectionError: 6.6056299209594727e-01
features:
   - [ 2.06595642e+02, 4.56539551e+02, 2.02360825e+02, 4.07587555e+02,
       1.99769089e+02, 3.56364349e+02, 1.99039215e+02, 3.03724152e+02,
       2.00164963e+02, 2.51170288e+02, 2.03463226e+02, 1.99598541e+02,
       2.08524185e+02, 1.50864502e+02, 2.48520828e+02, 4.64352875e+02,
       2.44972549e+02, 4.13343048e+02, 2.42802567e+02, 3.59487091e+02,
       2.42023758e+02, 3.04326385e+02, 2.43304276e+02, 2.48901855e+02,
       2.46212280e+02, 1.95095642e+02, 2.50798798e+02, 1.44130280e+02,
       2.96415955e+02, 4.71305450e+02, 2.93636963e+02, 4.18388153e+02,
       2.91508087e+02, 3.62618805e+02, 2.91064087e+02, 3.04787079e+02,
       2.92147003e+02, 2.47197540e+02, 2.94611328e+02, 1.91010345e+02,
       2.98420135e+02, 1.38118027e+02, 3.49445648e+02, 4.76670593e+02,
       3.47587219e+02, 4.22518585e+02, 3.46408081e+02, 3.64901001e+02,
       3.46082428e+02, 3.05367523e+02, 3.46964783e+02, 2.45644318e+02,
       3.48956146e+02, 1.88061203e+02, 3.51592621e+02, 1.33727631e+02,
       4.06108521e+02, 4.80482422e+02, 4.05462738e+02, 4.25502136e+02,
       4.05168976e+02, 3.66595642e+02, 4.05493073e+02, 3.05723969e+02,
       4.06088135e+02, 2.44937515e+02, 4.06867798e+02, 1.85949280e+02,
       4.08187958e+02, 1.31257401e+02, 4.64747864e+02, 4.82226471e+02,
       4.65669617e+02, 4.26950348e+02, 4.66671265e+02, 3.67609467e+02,
       4.66983978e+02, 3.06338470e+02, 4.67092682e+02, 2.44897278e+02,
       4.67163574e+02, 1.85546036e+02, 4.66596588e+02, 1.30533493e+02,
       5.23201050e+02, 4.81232849e+02, 5.25718445e+02, 4.26246887e+02,
       5.27563354e+02, 3.67496552e+02, 5.28604126e+02, 3.06610046e+02,
       5.28330383e+02, 2.45592651e+02, 5.26781433e+02, 1.86840576e+02,
       5.24710571e+02, 1.32143555e+02, 5.78806702e+02, 4.78050690e+02,
       5.82706116e+02, 4.24080139e+02, 5.85645203e+02, 3.66517914e+02,
       5.86873779e+02, 3.06651703e+02, 5.86187805e+02, 2.47104660e+02,
       5.83885254e+02, 1.89400360e+02, 5.80015808e+02, 1.35672165e+02,
       6.30575928e+02, 4.73154510e+02, 6.35899780e+02, 4.20870636e+02,
       6.39570129e+02, 3.64864990e+02, 6.41036499e+02, 3.06935669e+02,
       6.39644897e+02, 2.49015640e+02, 6.36746948e+02, 1.93031815e+02,
       6.31602722e+02, 1.40610138e+02, 6.76984253e+02, 4.67139923e+02,
       6.83413391e+02, 4.16594177e+02, 6.87584839e+02, 3.62802826e+02,
       6.89350159e+02, 3.06923035e+02, 6.87885193e+02, 2.51435562e+02,
       6.84088013e+02, 1.97493454e+02, 6.78156860e+02, 1.46831802e+02 ]
   - [ 2.10158508e+02, 4.47082001e+02, 2.07440933e+02, 3.99888855e+02,
       2.06270813e+02, 3.50654816e+02, 2.06578308e+02, 3.00277069e+02,
       2.08748779e+02, 2.50002289e+02, 2.12543686e+02, 2.00814346e+02,
       2.18131897e+02, 1.53930374e+02, 2.50794678e+02, 4.54861603e+02,
       2.48724823e+02, 4.05779785e+02, 2.47910629e+02, 3.54336212e+02,
       2.48437820e+02, 3.01733887e+02, 2.50551331e+02, 2.48993469e+02,
       2.54284271e+02, 1.97682968e+02, 2.59348633e+02, 1.48783081e+02,
       2.96742920e+02, 4.61972412e+02, 2.95467560e+02, 4.11231506e+02,
       2.94680084e+02, 3.58100586e+02, 2.95555969e+02, 3.03165863e+02,
       2.97668457e+02, 2.48423691e+02, 3.00955231e+02, 1.95064545e+02,
       3.05324249e+02, 1.44492081e+02, 3.47439728e+02, 4.67654083e+02,
       3.46914764e+02, 4.15835754e+02, 3.46946564e+02, 3.61119019e+02,
       3.47866333e+02, 3.04733459e+02, 3.49836700e+02, 2.48232544e+02,
       3.52740234e+02, 1.93519211e+02, 3.56287445e+02, 1.41783478e+02,
       4.01268738e+02, 4.72087952e+02, 4.01753998e+02, 4.19524689e+02,
       4.02619110e+02, 3.63667114e+02, 4.04240479e+02, 3.06243439e+02,
       4.05929108e+02, 2.48681885e+02, 4.07679810e+02, 1.93040405e+02,
       4.09984406e+02, 1.40675751e+02, 4.56832520e+02, 4.74601685e+02,
       4.58707306e+02, 4.21910065e+02, 4.60651917e+02, 3.65719055e+02,
       4.62126801e+02, 3.07827179e+02, 4.63352020e+02, 2.49749985e+02,
       4.64662476e+02, 1.93823059e+02, 4.65389771e+02, 1.41245682e+02,
       5.12360107e+02, 4.74825226e+02, 5.15499878e+02, 4.22422791e+02,
       5.18153931e+02, 3.66736542e+02, 5.20342285e+02, 3.09359619e+02,
       5.21152222e+02, 2.51671234e+02, 5.21170227e+02, 1.96035263e+02,
       5.20513062e+02, 1.43656158e+02, 5.65325256e+02, 4.73043030e+02,
       5.69682495e+02, 4.21526855e+02, 5.73371277e+02, 3.67075714e+02,
       5.75544556e+02, 3.10369781e+02, 5.76104614e+02, 2.54076843e+02,
       5.75309753e+02, 1.99276291e+02, 5.73189636e+02, 1.47790619e+02,
       6.15098999e+02, 4.69743500e+02, 6.20680359e+02, 4.19825867e+02,
       6.24934326e+02, 3.66578979e+02, 6.27334900e+02, 3.11611572e+02,
       6.27332092e+02, 2.56664062e+02, 6.25860107e+02, 2.03363174e+02,
       6.22495239e+02, 1.53112274e+02, 6.60243164e+02, 4.65358032e+02,
       6.66768372e+02, 4.17021820e+02, 6.71432739e+02, 3.65677032e+02,
       6.74057129e+02, 3.12522278e+02, 6.73759888e+02, 2.59560730e+02,
       6.71556763e+02, 2.08201309e+02, 6.67475525e+02, 1.59546616e+02 ]
   - [ 2.02075287e+02, 4.51057678e+02, 1.97996063e+02, 4.04117981e+02,
       1.95487305e+02, 3.55214294e+02, 1.94502350e+02, 3.05072662e+02,
       1.95399002e+02, 2.54939392e+02, 1.98234619e+02, 2.05790970e+02,
       2.02707855e+02, 1.58949554e+02, 2.41439377e+02, 4.58277527e+02,
       2.37870316e+02, 4.09393555e+02, 2.35635696e+02, 3.57908813e+02,
       2.34656631e+02, 3.05368347e+02, 2.35576141e+02, 2.52652008e+02,
       2.38140427e+02, 2.01309616e+02, 2.42264862e+02, 1.52367630e+02,
       2.86268158e+02, 4.64783356e+02, 2.83416260e+02, 4.14067078e+02,
       2.81071716e+02, 3.60720337e+02, 2.80482117e+02, 3.05581238e+02,
       2.81250610e+02, 2.50674347e+02, 2.83463440e+02, 1.97085770e+02,
       2.86871368e+02, 1.46298859e+02, 3.36235565e+02, 4.70066437e+02,
       3.34045227e+02, 4.17909515e+02, 3.32474701e+02, 3.62734619e+02,
       3.31897827e+02, 3.05897034e+02, 3.32613922e+02, 2.48953674e+02,
       3.34426666e+02, 1.93659515e+02, 3.36956329e+02, 1.41498718e+02,
       3.89895264e+02, 4.73989594e+02, 3.88753601e+02, 4.20856171e+02,
       3.88060883e+02, 3.64339783e+02, 3.88147064e+02, 3.06049957e+02,
       3.88470886e+02, 2.47814590e+02, 3.89165619e+02, 1.91188095e+02,
       3.90683990e+02, 1.38221466e+02, 4.46259613e+02, 4.76145966e+02,
       4.46414490e+02, 4.22471924e+02, 4.46752533e+02, 3.65279083e+02,
       4.46694519e+02, 3.06207886e+02, 4.46641174e+02, 2.47206635e+02,
       4.46805298e+02, 1.89979309e+02, 4.46634766e+02, 1.36563599e+02,
       5.02940460e+02, 4.75813721e+02, 5.04652100e+02, 4.22164856e+02,
       5.05641327e+02, 3.65226624e+02, 5.06402222e+02, 3.06280487e+02,
       5.05953430e+02, 2.47322662e+02, 5.04782349e+02, 1.90304916e+02,
       5.03208008e+02, 1.37069214e+02, 5.57870422e+02, 4.73333130e+02,
       5.60898071e+02, 4.20486053e+02, 5.63096436e+02, 3.64379974e+02,
       5.63769958e+02, 3.06071289e+02, 5.63049438e+02, 2.48180954e+02,
       5.61100525e+02, 1.91910034e+02, 5.57752747e+02, 1.39326370e+02,
       6.09831177e+02, 4.69316864e+02, 6.14246948e+02, 4.17750641e+02,
       6.17211975e+02, 3.62842834e+02, 6.18201050e+02, 3.06071808e+02,
       6.16859985e+02, 2.49379211e+02, 6.14131348e+02, 1.94468048e+02,
       6.09557251e+02, 1.43068832e+02, 6.57243774e+02, 4.63984802e+02,
       6.62666992e+02, 4.13997833e+02, 6.66260132e+02, 3.60883881e+02,
       6.67567505e+02, 3.05838409e+02, 6.66028137e+02, 2.51227554e+02,
